% Clear all:

%clear
%close all hidden
%clc
%tic

%%%%%%%%%%%%%%%%%%%%%%%%%%%%%%%%%%%%%%%%%%%%%%%%%%%%%%%%%%%%%%%%%%%%%%%%%%%

% Set data:

x = [-12.95
-12.925
-12.899
-12.874
-12.849
-12.824
-12.798
-12.773
-12.748
-12.722
-12.697
-12.672
-12.646
-12.621
-12.596
-12.571
-12.545
-12.52
-12.495
-12.469
-12.444
-12.419
-12.393
-12.368
-12.343
-12.318
-12.292
-12.267
-12.242
-12.216
-12.191
-12.166
-12.14
-12.115
-12.09
-12.065
-12.039
-12.014
-11.989
-11.963
-11.938
-11.913
-11.887
-11.862
-11.837
-11.812
-11.786
-11.761
-11.736
-11.71
-11.685
-11.66
-11.634
-11.609
-11.584
-11.559
-11.533
-11.508
-11.483
-11.457
-11.432
-11.407
-11.381
-11.356
-11.331
-11.306
-11.28
-11.255
-11.23
-11.204
-11.179
-11.154
-11.128
-11.103
-11.078
-11.053
-11.027
-11.002
-10.977
-10.951
-10.926
-10.901
-10.875
-10.85
-10.825
-10.8
-10.774
-10.749
-10.724
-10.698
-10.673
-10.648
-10.622
-10.597
-10.572
-10.547
-10.521
-10.496
-10.471
-10.445
-10.42
-10.395
-10.369
-10.344
-10.319
-10.294
-10.268
-10.243
-10.218
-10.192
-10.167
-10.142
-10.116
-10.091
-10.066
-10.041
-10.015
-9.99
-9.965
-9.939
-9.914
-9.889
-9.863
-9.838
-9.813
-9.788
-9.762
-9.737
-9.712
-9.686
-9.661
-9.636
-9.61
-9.585
-9.56
-9.535
-9.509
-9.484
-9.459
-9.433
-9.408
-9.383
-9.357
-9.332
-9.307
-9.282
-9.256
-9.231
-9.206
-9.18
-9.155
-9.13
-9.104
-9.079
-9.054
-9.029
-9.003
-8.978
-8.953
-8.927
-8.902
-8.877
-8.851
-8.826
-8.801
-8.776
-8.75
-8.725
-8.7
-8.674
-8.649
-8.624
-8.598
-8.573
-8.548
-8.523
-8.497
-8.472
-8.447
-8.421
-8.396
-8.371
-8.345
-8.32
-8.295
-8.27
-8.244
-8.219
-8.194
-8.168
-8.143
-8.118
-8.092
-8.067
-8.042
-8.017
-7.991
-7.966
-7.941
-7.915
-7.89
-7.865
-7.839
-7.814
-7.789
-7.764
-7.738
-7.713
-7.688
-7.662
-7.637
-7.612
-7.586
-7.561
-7.536
-7.511
-7.485
-7.46
-7.435
-7.409
-7.384
-7.359
-7.333
-7.308
-7.283
-7.258
-7.232
-7.207
-7.182
-7.156
-7.131
-7.106
-7.08
-7.055
-7.03
-7.005
-6.979
-6.954
-6.929
-6.903
-6.878
-6.853
-6.827
-6.802
-6.777
-6.752
-6.726
-6.701
-6.676
-6.65
-6.625
-6.6
-6.574
-6.549
-6.524
-6.499
-6.473
-6.448
-6.423
-6.397
-6.372
-6.347
-6.321
-6.296
-6.271
-6.246
-6.22
-6.195
-6.17
-6.144
-6.119
-6.094
-6.068
-6.043
-6.018
-5.993
-5.967
-5.942
-5.917
-5.891
-5.866
-5.841
-5.815
-5.79
-5.765
-5.74
-5.714
-5.689
-5.664
-5.638
-5.613
-5.588
-5.562
-5.537
-5.512
-5.487
-5.461
-5.436
-5.411
-5.385
-5.36
-5.335
-5.309
-5.284
-5.259
-5.234
-5.208
-5.183
-5.158
-5.132
-5.107
-5.082
-5.056
-5.031
-5.006
-4.981
-4.955
-4.93
-4.905
-4.879
-4.854
-4.829
-4.803
-4.778
-4.753
-4.728
-4.702
-4.677
-4.652
-4.626
-4.601
-4.576
-4.55
-4.525
-4.5
-4.475
-4.449
-4.424
-4.399
-4.373
-4.348
-4.323
-4.297
-4.272
-4.247
-4.222
-4.196
-4.171
-4.146
-4.12
-4.095
-4.07
-4.044
-4.019
-3.994
-3.969
-3.943
-3.918
-3.893
-3.867
-3.842
-3.817
-3.791
-3.766
-3.741
-3.716
-3.69
-3.665
-3.64
-3.614
-3.589
-3.564
-3.538
-3.513
-3.488
-3.463
-3.437
-3.412
-3.387
-3.361
-3.336
-3.311
-3.285
-3.26
-3.235
-3.21
-3.184
-3.159
-3.134
-3.108
-3.083
-3.058
-3.032
-3.007
-2.982
-2.957
-2.931
-2.906
-2.881
-2.855
-2.83
-2.805
-2.779
-2.754
-2.729
-2.704
-2.678
-2.653
-2.628
-2.602
-2.577
-2.552
-2.526
-2.501
-2.476
-2.451
-2.425
-2.4
-2.375
-2.349
-2.324
-2.299
-2.273
-2.248
-2.223
-2.198
-2.172
-2.147
-2.122
-2.096
-2.071
-2.046
-2.02
-1.995
-1.97
-1.945
-1.919
-1.894
-1.869
-1.843
-1.818
-1.793
-1.767
-1.742
-1.717
-1.692
-1.666
-1.641
-1.616
-1.59
-1.565
-1.54
-1.514
-1.489
-1.464
-1.439
-1.413
-1.388
-1.363
-1.337
-1.312
-1.287
-1.261
-1.236
-1.211
-1.186
-1.16
-1.135
-1.11
-1.084
-1.059
-1.034
-1.008
-0.983
-0.958
-0.933
-0.907
-0.882
-0.857
-0.831
-0.806
-0.781
-0.755
-0.73
-0.705
-0.68
-0.654
-0.629
-0.604
-0.578
-0.553
-0.528
-0.502
-0.477
-0.452
-0.427
-0.401
-0.376
-0.351
-0.325
-0.3
-0.275
-0.249
-0.224
-0.199
-0.174
-0.148
-0.123
-0.098
-0.072
-0.047
-0.022
0.004
0.029
0.054
0.079
0.105
0.13
0.155
0.181
0.206
0.231
0.257
0.282
0.307
0.332
0.358
0.383
0.408
0.434
0.459
0.484
0.51
0.535
0.56
0.585
0.611
0.636
0.661
0.687
0.712
0.737
0.763
0.788
0.813
0.838
0.864
0.889
0.914
0.94
0.965
0.99
1.016
1.041
1.066
1.091
1.117
1.142
1.167
1.193
1.218
1.243
1.269
1.294
1.319
1.344
1.37
1.395
1.42
1.446
1.471
1.496
1.522
1.547
1.572
1.597
1.623
1.648
1.673
1.699
1.724
1.749
1.775
1.8
1.825
1.85
1.876
1.901
1.926
1.952
1.977
2.002
2.028
2.053
2.078
2.103
2.129
2.154
2.179
2.205
2.23
2.255
2.281
2.306
2.331
2.356
2.382
2.407
2.432
2.458
2.483
2.508
2.534
2.559
2.584
2.609
2.635
2.66
2.685
2.711
2.736
2.761
2.787
2.812
2.837
2.862
2.888
2.913
2.938
2.964
2.989
3.014
3.04
3.065
3.09
3.115
3.141
3.166
3.191
3.217
3.242
3.267
3.293
3.318
3.343
3.368
3.394
3.419
3.444
3.47
3.495
3.52
3.546
3.571
3.596
3.621
3.647
3.672
3.697
3.723
3.748
3.773
3.799
3.824
3.849
3.874
3.9
3.925
3.95
3.976
4.001
4.026
4.052
4.077
4.102
4.127
4.153
4.178
4.203
4.229
4.254
4.279
4.305
4.33
4.355
4.38
4.406
4.431
4.456
4.482
4.507
4.532
4.558
4.583
4.608
4.633
4.659
4.684
4.709
4.735
4.76
4.785
4.811
4.836
4.861
4.886
4.912
4.937
4.962
4.988
5.013
5.038
5.064
5.089
5.114
5.14
5.165
5.19
5.215
5.241
5.266
5.291
5.317
5.342
5.367
5.393
5.418
5.443
5.468
5.494
5.519
5.544
5.57
5.595
5.62
5.646
5.671
5.696
5.721
5.747
5.772
5.797
5.823
5.848
5.873
5.899
5.924
5.949
5.974
6
6.025
6.05
6.076
6.101
6.126
6.152
6.177
6.202
6.227
6.253
6.278
6.303
6.329
6.354
6.379
6.405
6.43
6.455
6.48
6.506
6.531
6.556
6.582
6.607
6.632
6.658
6.683
6.708
6.733
6.759
6.784
6.809
6.835
6.86
6.885
6.911
6.936
6.961
6.986
7.012
7.037
7.062
7.088
7.113
7.138
7.164
7.189
7.214
7.239
7.265
7.29
7.315
7.341
7.366
7.391
7.417
7.442
7.467
7.492
7.518
7.543
7.568
7.594
7.619
7.644
7.67
7.695
7.72
7.745
7.771
7.796
7.821
7.847
7.872
7.897
7.923
7.948
7.973
7.998
8.024
8.049
8.074
8.1
8.125
8.15
8.176
8.201
8.226
8.251
8.277
8.302
8.327
8.353
8.378
8.403
8.429
8.454
8.479
8.504
8.53
8.555
8.58
8.606
8.631
8.656
8.682
8.707
8.732
8.757
8.783
8.808
8.833
8.859
8.884
8.909
8.935
8.96
8.985
9.01
9.036
9.061
9.086
9.112
9.137
9.162
9.188
9.213
9.238
9.263
9.289
9.314
9.339
9.365
9.39
9.415
9.441
9.466
9.491
9.516
9.542
9.567
9.592
9.618
9.643
9.668
9.694
9.719
9.744
9.769
9.795
9.82
9.845
9.871
9.896
9.921
9.947
9.972
9.997
10.022
10.048
10.073
10.098
10.124
10.149
10.174
10.2
10.225
10.25
10.275
10.301
10.326
10.351
10.377
10.402
10.427
10.453
10.478
10.503
10.528
10.554
10.579
10.604
10.63
10.655
10.68
10.706
10.731
10.756
10.781
10.807
10.832
10.857
10.883
10.908
10.933
10.959
10.984
11.009
11.034
11.06
11.085
11.11
11.136
11.161
11.186
11.212
11.237
11.262
11.287
11.313
11.338
11.363
11.389
11.414
11.439
11.465
11.49
11.515
11.54
11.566
11.591
11.616
11.642
11.667
11.692
11.718
11.743
11.768
11.793
11.819
11.844
11.869
11.895
11.92
11.945
11.971
11.996
12.021
12.046
12.072
12.097
12.122
12.148
12.173
12.198
12.224
12.249
12.274
12.299
12.325
12.35
12.375
12.401
12.426
12.451
12.477
12.502
12.527
12.552
12.578
12.603
12.628
12.654
12.679
12.704
12.73
12.755
12.78
12.805
12.831
12.856
12.881
12.907];

